  Nr  Mokėti, € Palūkanos, € Likusi suma, € 
   1    1680.56    1663.89      9983.33 
   2    1677.78    1661.11      9966.67 
   3    1675.00    1658.33      9950.00 
   4    1672.22    1655.56      9933.33 
   5    1669.44    1652.78      9916.67 
   6    1666.67    1650.00      9900.00 
   7    1663.89    1647.22      9883.33 
   8    1661.11    1644.44      9866.67 
   9    1658.33    1641.67      9850.00 
  10    1655.56    1638.89      9833.33 
  11    1652.78    1636.11      9816.67 
  12    1650.00    1633.33      9800.00 
  13    1647.22    1630.56      9783.33 
  14    1644.44    1627.78      9766.67 
  15    1641.67    1625.00      9750.00 
  16    1638.89    1622.22      9733.33 
  17    1636.11    1619.44      9716.67 
  18    1633.33    1616.67      9700.00 
  19    1630.56    1613.89      9683.33 
  20    1627.78    1611.11      9666.67 
  21    1625.00    1608.33      9650.00 
  22    1622.22    1605.56      9633.33 
  23    1619.44    1602.78      9616.67 
  24    1616.67    1600.00      9600.00 
  25    1613.89    1597.22      9583.33 
  26    1611.11    1594.44      9566.67 
  27    1608.33    1591.67      9550.00 
  28    1605.56    1588.89      9533.33 
  29    1602.78    1586.11      9516.67 
  30    1600.00    1583.33      9500.00 
  31    1597.22    1580.56      9483.33 
  32    1594.44    1577.78      9466.67 
  33    1591.67    1575.00      9450.00 
  34    1588.89    1572.22      9433.33 
  35    1586.11    1569.44      9416.67 
  36    1583.33    1566.67      9400.00 
  37    1580.56    1563.89      9383.33 
  38    1577.78    1561.11      9366.67 
  39    1575.00    1558.33      9350.00 
  40    1572.22    1555.56      9333.33 
  41    1569.44    1552.78      9316.67 
  42    1566.67    1550.00      9300.00 
  43    1563.89    1547.22      9283.33 
  44    1561.11    1544.44      9266.67 
  45    1558.33    1541.67      9250.00 
  46    1555.56    1538.89      9233.33 
  47    1552.78    1536.11      9216.67 
  48    1550.00    1533.33      9200.00 
  49    1547.22    1530.56      9183.33 
  50    1544.44    1527.78      9166.67 
  51    1541.67    1525.00      9150.00 
  52    1538.89    1522.22      9133.33 
  53    1536.11    1519.44      9116.67 
  54    1533.33    1516.67      9100.00 
  55    1530.56    1513.89      9083.33 
  56    1527.78    1511.11      9066.67 
  57    1525.00    1508.33      9050.00 
  58    1522.22    1505.56      9033.33 
  59    1519.44    1502.78      9016.67 
  60    1516.67    1500.00      9000.00 
  61    1513.89    1497.22      8983.33 
  62    1511.11    1494.44      8966.67 
  63    1508.33    1491.67      8950.00 
  64    1505.56    1488.89      8933.33 
  65    1502.78    1486.11      8916.67 
  66    1500.00    1483.33      8900.00 
  67    1497.22    1480.56      8883.33 
  68    1494.44    1477.78      8866.67 
  69    1491.67    1475.00      8850.00 
  70    1488.89    1472.22      8833.33 
  71    1486.11    1469.44      8816.67 
  72    1483.33    1466.67      8800.00 
  73    1480.56    1463.89      8783.33 
  74    1477.78    1461.11      8766.67 
  75    1475.00    1458.33      8750.00 
  76    1472.22    1455.56      8733.33 
  77    1469.44    1452.78      8716.67 
  78    1466.67    1450.00      8700.00 
  79    1463.89    1447.22      8683.33 
  80    1461.11    1444.44      8666.67 
  81    1458.33    1441.67      8650.00 
  82    1455.56    1438.89      8633.33 
  83    1452.78    1436.11      8616.67 
  84    1450.00    1433.33      8600.00 
  85    1447.22    1430.56      8583.33 
  86    1444.44    1427.78      8566.67 
  87    1441.67    1425.00      8550.00 
  88    1438.89    1422.22      8533.33 
  89    1436.11    1419.44      8516.67 
  90    1433.33    1416.67      8500.00 
  91    1430.56    1413.89      8483.33 
  92    1427.78    1411.11      8466.67 
  93    1425.00    1408.33      8450.00 
  94    1422.22    1405.56      8433.33 
  95    1419.44    1402.78      8416.67 
  96    1416.67    1400.00      8400.00 
  97    1413.89    1397.22      8383.33 
  98    1411.11    1394.44      8366.67 
  99    1408.33    1391.67      8350.00 
 100    1405.56    1388.89      8333.33 
 101    1402.78    1386.11      8316.67 
 102    1400.00    1383.33      8300.00 
 103    1397.22    1380.56      8283.33 
 104    1394.44    1377.78      8266.67 
 105    1391.67    1375.00      8250.00 
 106    1388.89    1372.22      8233.33 
 107    1386.11    1369.44      8216.67 
 108    1383.33    1366.67      8200.00 
 109    1380.56    1363.89      8183.33 
 110    1377.78    1361.11      8166.67 
 111    1375.00    1358.33      8150.00 
 112    1372.22    1355.56      8133.33 
 113    1369.44    1352.78      8116.67 
 114    1366.67    1350.00      8100.00 
 115    1363.89    1347.22      8083.33 
 116    1361.11    1344.44      8066.67 
 117    1358.33    1341.67      8050.00 
 118    1355.56    1338.89      8033.33 
 119    1352.78    1336.11      8016.67 
 120    1350.00    1333.33      8000.00 
 121    1347.22    1330.56      7983.33 
 122    1344.44    1327.78      7966.67 
 123    1341.67    1325.00      7950.00 
 124    1338.89    1322.22      7933.33 
 125    1336.11    1319.44      7916.67 
 126    1333.33    1316.67      7900.00 
 127    1330.56    1313.89      7883.33 
 128    1327.78    1311.11      7866.67 
 129    1325.00    1308.33      7850.00 
 130    1322.22    1305.56      7833.33 
 131    1319.44    1302.78      7816.67 
 132    1316.67    1300.00      7800.00 
 133    1313.89    1297.22      7783.33 
 134    1311.11    1294.44      7766.67 
 135    1308.33    1291.67      7750.00 
 136    1305.56    1288.89      7733.33 
 137    1302.78    1286.11      7716.67 
 138    1300.00    1283.33      7700.00 
 139    1297.22    1280.56      7683.33 
 140    1294.44    1277.78      7666.67 
 141    1291.67    1275.00      7650.00 
 142    1288.89    1272.22      7633.33 
 143    1286.11    1269.44      7616.67 
 144    1283.33    1266.67      7600.00 
 145    1280.56    1263.89      7583.33 
 146    1277.78    1261.11      7566.67 
 147    1275.00    1258.33      7550.00 
 148    1272.22    1255.56      7533.33 
 149    1269.44    1252.78      7516.67 
 150    1266.67    1250.00      7500.00 
 151    1263.89    1247.22      7483.33 
 152    1261.11    1244.44      7466.67 
 153    1258.33    1241.67      7450.00 
 154    1255.56    1238.89      7433.33 
 155    1252.78    1236.11      7416.67 
 156    1250.00    1233.33      7400.00 
 157    1247.22    1230.56      7383.33 
 158    1244.44    1227.78      7366.67 
 159    1241.67    1225.00      7350.00 
 160    1238.89    1222.22      7333.33 
 161    1236.11    1219.44      7316.67 
 162    1233.33    1216.67      7300.00 
 163    1230.56    1213.89      7283.33 
 164    1227.78    1211.11      7266.67 
 165    1225.00    1208.33      7250.00 
 166    1222.22    1205.56      7233.33 
 167    1219.44    1202.78      7216.67 
 168    1216.67    1200.00      7200.00 
 169    1213.89    1197.22      7183.33 
 170    1211.11    1194.44      7166.67 
 171    1208.33    1191.67      7150.00 
 172    1205.56    1188.89      7133.33 
 173    1202.78    1186.11      7116.67 
 174    1200.00    1183.33      7100.00 
 175    1197.22    1180.56      7083.33 
 176    1194.44    1177.78      7066.67 
 177    1191.67    1175.00      7050.00 
 178    1188.89    1172.22      7033.33 
 179    1186.11    1169.44      7016.67 
 180    1183.33    1166.67      7000.00 
 181    1180.56    1163.89      6983.33 
 182    1177.78    1161.11      6966.67 
 183    1175.00    1158.33      6950.00 
 184    1172.22    1155.56      6933.33 
 185    1169.44    1152.78      6916.67 
 186    1166.67    1150.00      6900.00 
 187    1163.89    1147.22      6883.33 
 188    1161.11    1144.44      6866.67 
 189    1158.33    1141.67      6850.00 
 190    1155.56    1138.89      6833.33 
 191    1152.78    1136.11      6816.67 
 192    1150.00    1133.33      6800.00 
 193    1147.22    1130.56      6783.33 
 194    1144.44    1127.78      6766.67 
 195    1141.67    1125.00      6750.00 
 196    1138.89    1122.22      6733.33 
 197    1136.11    1119.44      6716.67 
 198    1133.33    1116.67      6700.00 
 199    1130.56    1113.89      6683.33 
 200    1127.78    1111.11      6666.67 
 201    1125.00    1108.33      6650.00 
 202    1122.22    1105.56      6633.33 
 203    1119.44    1102.78      6616.67 
 204    1116.67    1100.00      6600.00 
 205    1113.89    1097.22      6583.33 
 206    1111.11    1094.44      6566.67 
 207    1108.33    1091.67      6550.00 
 208    1105.56    1088.89      6533.33 
 209    1102.78    1086.11      6516.67 
 210    1100.00    1083.33      6500.00 
 211    1097.22    1080.56      6483.33 
 212    1094.44    1077.78      6466.67 
 213    1091.67    1075.00      6450.00 
 214    1088.89    1072.22      6433.33 
 215    1086.11    1069.44      6416.67 
 216    1083.33    1066.67      6400.00 
 217    1080.56    1063.89      6383.33 
 218    1077.78    1061.11      6366.67 
 219    1075.00    1058.33      6350.00 
 220    1072.22    1055.56      6333.33 
 221    1069.44    1052.78      6316.67 
 222    1066.67    1050.00      6300.00 
 223    1063.89    1047.22      6283.33 
 224    1061.11    1044.44      6266.67 
 225    1058.33    1041.67      6250.00 
 226    1055.56    1038.89      6233.33 
 227    1052.78    1036.11      6216.67 
 228    1050.00    1033.33      6200.00 
 229    1047.22    1030.56      6183.33 
 230    1044.44    1027.78      6166.67 
 231    1041.67    1025.00      6150.00 
 232    1038.89    1022.22      6133.33 
 233    1036.11    1019.44      6116.67 
 234    1033.33    1016.67      6100.00 
 235    1030.56    1013.89      6083.33 
 236    1027.78    1011.11      6066.67 
 237    1025.00    1008.33      6050.00 
 238    1022.22    1005.56      6033.33 
 239    1019.44    1002.78      6016.67 
 240    1016.67    1000.00      6000.00 
 241    1013.89     997.22      5983.33 
 242    1011.11     994.44      5966.67 
 243    1008.33     991.67      5950.00 
 244    1005.56     988.89      5933.33 
 245    1002.78     986.11      5916.67 
 246    1000.00     983.33      5900.00 
 247     997.22     980.56      5883.33 
 248     994.44     977.78      5866.67 
 249     991.67     975.00      5850.00 
 250     988.89     972.22      5833.33 
 251     986.11     969.44      5816.67 
 252     983.33     966.67      5800.00 
 253     980.56     963.89      5783.33 
 254     977.78     961.11      5766.67 
 255     975.00     958.33      5750.00 
 256     972.22     955.56      5733.33 
 257     969.44     952.78      5716.67 
 258     966.67     950.00      5700.00 
 259     963.89     947.22      5683.33 
 260     961.11     944.44      5666.67 
 261     958.33     941.67      5650.00 
 262     955.56     938.89      5633.33 
 263     952.78     936.11      5616.67 
 264     950.00     933.33      5600.00 
 265     947.22     930.56      5583.33 
 266     944.44     927.78      5566.67 
 267     941.67     925.00      5550.00 
 268     938.89     922.22      5533.33 
 269     936.11     919.44      5516.67 
 270     933.33     916.67      5500.00 
 271     930.56     913.89      5483.33 
 272     927.78     911.11      5466.67 
 273     925.00     908.33      5450.00 
 274     922.22     905.56      5433.33 
 275     919.44     902.78      5416.67 
 276     916.67     900.00      5400.00 
 277     913.89     897.22      5383.33 
 278     911.11     894.44      5366.67 
 279     908.33     891.67      5350.00 
 280     905.56     888.89      5333.33 
 281     902.78     886.11      5316.67 
 282     900.00     883.33      5300.00 
 283     897.22     880.56      5283.33 
 284     894.44     877.78      5266.67 
 285     891.67     875.00      5250.00 
 286     888.89     872.22      5233.33 
 287     886.11     869.44      5216.67 
 288     883.33     866.67      5200.00 
 289     880.56     863.89      5183.33 
 290     877.78     861.11      5166.67 
 291     875.00     858.33      5150.00 
 292     872.22     855.56      5133.33 
 293     869.44     852.78      5116.67 
 294     866.67     850.00      5100.00 
 295     863.89     847.22      5083.33 
 296     861.11     844.44      5066.67 
 297     858.33     841.67      5050.00 
 298     855.56     838.89      5033.33 
 299     852.78     836.11      5016.67 
 300     850.00     833.33      5000.00 
 301     847.22     830.56      4983.33 
 302     844.44     827.78      4966.67 
 303     841.67     825.00      4950.00 
 304     838.89     822.22      4933.33 
 305     836.11     819.44      4916.67 
 306     833.33     816.67      4900.00 
 307     830.56     813.89      4883.33 
 308     827.78     811.11      4866.67 
 309     825.00     808.33      4850.00 
 310     822.22     805.56      4833.33 
 311     819.44     802.78      4816.67 
 312     816.67     800.00      4800.00 
 313     813.89     797.22      4783.33 
 314     811.11     794.44      4766.67 
 315     808.33     791.67      4750.00 
 316     805.56     788.89      4733.33 
 317     802.78     786.11      4716.67 
 318     800.00     783.33      4700.00 
 319     797.22     780.56      4683.33 
 320     794.44     777.78      4666.67 
 321     791.67     775.00      4650.00 
 322     788.89     772.22      4633.33 
 323     786.11     769.44      4616.67 
 324     783.33     766.67      4600.00 
 325     780.56     763.89      4583.33 
 326     777.78     761.11      4566.67 
 327     775.00     758.33      4550.00 
 328     772.22     755.56      4533.33 
 329     769.44     752.78      4516.67 
 330     766.67     750.00      4500.00 
 331     763.89     747.22      4483.33 
 332     761.11     744.44      4466.67 
 333     758.33     741.67      4450.00 
 334     755.56     738.89      4433.33 
 335     752.78     736.11      4416.67 
 336     750.00     733.33      4400.00 
 337     747.22     730.56      4383.33 
 338     744.44     727.78      4366.67 
 339     741.67     725.00      4350.00 
 340     738.89     722.22      4333.33 
 341     736.11     719.44      4316.67 
 342     733.33     716.67      4300.00 
 343     730.56     713.89      4283.33 
 344     727.78     711.11      4266.67 
 345     725.00     708.33      4250.00 
 346     722.22     705.56      4233.33 
 347     719.44     702.78      4216.67 
 348     716.67     700.00      4200.00 
 349     713.89     697.22      4183.33 
 350     711.11     694.44      4166.67 
 351     708.33     691.67      4150.00 
 352     705.56     688.89      4133.33 
 353     702.78     686.11      4116.67 
 354     700.00     683.33      4100.00 
 355     697.22     680.56      4083.33 
 356     694.44     677.78      4066.67 
 357     691.67     675.00      4050.00 
 358     688.89     672.22      4033.33 
 359     686.11     669.44      4016.67 
 360     683.33     666.67      4000.00 
 361     680.56     663.89      3983.33 
 362     677.78     661.11      3966.67 
 363     675.00     658.33      3950.00 
 364     672.22     655.56      3933.33 
 365     669.44     652.78      3916.67 
 366     666.67     650.00      3900.00 
 367     663.89     647.22      3883.33 
 368     661.11     644.44      3866.67 
 369     658.33     641.67      3850.00 
 370     655.56     638.89      3833.33 
 371     652.78     636.11      3816.67 
 372     650.00     633.33      3800.00 
 373     647.22     630.56      3783.33 
 374     644.44     627.78      3766.67 
 375     641.67     625.00      3750.00 
 376     638.89     622.22      3733.33 
 377     636.11     619.44      3716.67 
 378     633.33     616.67      3700.00 
 379     630.56     613.89      3683.33 
 380     627.78     611.11      3666.67 
 381     625.00     608.33      3650.00 
 382     622.22     605.56      3633.33 
 383     619.44     602.78      3616.67 
 384     616.67     600.00      3600.00 
 385     613.89     597.22      3583.33 
 386     611.11     594.44      3566.67 
 387     608.33     591.67      3550.00 
 388     605.56     588.89      3533.33 
 389     602.78     586.11      3516.67 
 390     600.00     583.33      3500.00 
 391     597.22     580.56      3483.33 
 392     594.44     577.78      3466.67 
 393     591.67     575.00      3450.00 
 394     588.89     572.22      3433.33 
 395     586.11     569.44      3416.67 
 396     583.33     566.67      3400.00 
 397     580.56     563.89      3383.33 
 398     577.78     561.11      3366.67 
 399     575.00     558.33      3350.00 
 400     572.22     555.56      3333.33 
 401     569.44     552.78      3316.67 
 402     566.67     550.00      3300.00 
 403     563.89     547.22      3283.33 
 404     561.11     544.44      3266.67 
 405     558.33     541.67      3250.00 
 406     555.56     538.89      3233.33 
 407     552.78     536.11      3216.67 
 408     550.00     533.33      3200.00 
 409     547.22     530.56      3183.33 
 410     544.44     527.78      3166.67 
 411     541.67     525.00      3150.00 
 412     538.89     522.22      3133.33 
 413     536.11     519.44      3116.67 
 414     533.33     516.67      3100.00 
 415     530.56     513.89      3083.33 
 416     527.78     511.11      3066.67 
 417     525.00     508.33      3050.00 
 418     522.22     505.56      3033.33 
 419     519.44     502.78      3016.67 
 420     516.67     500.00      3000.00 
 421     513.89     497.22      2983.33 
 422     511.11     494.44      2966.67 
 423     508.33     491.67      2950.00 
 424     505.56     488.89      2933.33 
 425     502.78     486.11      2916.67 
 426     500.00     483.33      2900.00 
 427     497.22     480.56      2883.33 
 428     494.44     477.78      2866.67 
 429     491.67     475.00      2850.00 
 430     488.89     472.22      2833.33 
 431     486.11     469.44      2816.67 
 432     483.33     466.67      2800.00 
 433     480.56     463.89      2783.33 
 434     477.78     461.11      2766.67 
 435     475.00     458.33      2750.00 
 436     472.22     455.56      2733.33 
 437     469.44     452.78      2716.67 
 438     466.67     450.00      2700.00 
 439     463.89     447.22      2683.33 
 440     461.11     444.44      2666.67 
 441     458.33     441.67      2650.00 
 442     455.56     438.89      2633.33 
 443     452.78     436.11      2616.67 
 444     450.00     433.33      2600.00 
 445     447.22     430.56      2583.33 
 446     444.44     427.78      2566.67 
 447     441.67     425.00      2550.00 
 448     438.89     422.22      2533.33 
 449     436.11     419.44      2516.67 
 450     433.33     416.67      2500.00 
 451     430.56     413.89      2483.33 
 452     427.78     411.11      2466.67 
 453     425.00     408.33      2450.00 
 454     422.22     405.56      2433.33 
 455     419.44     402.78      2416.67 
 456     416.67     400.00      2400.00 
 457     413.89     397.22      2383.33 
 458     411.11     394.44      2366.67 
 459     408.33     391.67      2350.00 
 460     405.56     388.89      2333.33 
 461     402.78     386.11      2316.67 
 462     400.00     383.33      2300.00 
 463     397.22     380.56      2283.33 
 464     394.44     377.78      2266.67 
 465     391.67     375.00      2250.00 
 466     388.89     372.22      2233.33 
 467     386.11     369.44      2216.67 
 468     383.33     366.67      2200.00 
 469     380.56     363.89      2183.33 
 470     377.78     361.11      2166.67 
 471     375.00     358.33      2150.00 
 472     372.22     355.56      2133.33 
 473     369.44     352.78      2116.67 
 474     366.67     350.00      2100.00 
 475     363.89     347.22      2083.33 
 476     361.11     344.44      2066.67 
 477     358.33     341.67      2050.00 
 478     355.56     338.89      2033.33 
 479     352.78     336.11      2016.67 
 480     350.00     333.33      2000.00 
 481     347.22     330.56      1983.33 
 482     344.44     327.78      1966.67 
 483     341.67     325.00      1950.00 
 484     338.89     322.22      1933.33 
 485     336.11     319.44      1916.67 
 486     333.33     316.67      1900.00 
 487     330.56     313.89      1883.33 
 488     327.78     311.11      1866.67 
 489     325.00     308.33      1850.00 
 490     322.22     305.56      1833.33 
 491     319.44     302.78      1816.67 
 492     316.67     300.00      1800.00 
 493     313.89     297.22      1783.33 
 494     311.11     294.44      1766.67 
 495     308.33     291.67      1750.00 
 496     305.56     288.89      1733.33 
 497     302.78     286.11      1716.67 
 498     300.00     283.33      1700.00 
 499     297.22     280.56      1683.33 
 500     294.44     277.78      1666.67 
 501     291.67     275.00      1650.00 
 502     288.89     272.22      1633.33 
 503     286.11     269.44      1616.67 
 504     283.33     266.67      1600.00 
 505     280.56     263.89      1583.33 
 506     277.78     261.11      1566.67 
 507     275.00     258.33      1550.00 
 508     272.22     255.56      1533.33 
 509     269.44     252.78      1516.67 
 510     266.67     250.00      1500.00 
 511     263.89     247.22      1483.33 
 512     261.11     244.44      1466.67 
 513     258.33     241.67      1450.00 
 514     255.56     238.89      1433.33 
 515     252.78     236.11      1416.67 
 516     250.00     233.33      1400.00 
 517     247.22     230.56      1383.33 
 518     244.44     227.78      1366.67 
 519     241.67     225.00      1350.00 
 520     238.89     222.22      1333.33 
 521     236.11     219.44      1316.67 
 522     233.33     216.67      1300.00 
 523     230.56     213.89      1283.33 
 524     227.78     211.11      1266.67 
 525     225.00     208.33      1250.00 
 526     222.22     205.56      1233.33 
 527     219.44     202.78      1216.67 
 528     216.67     200.00      1200.00 
 529     213.89     197.22      1183.33 
 530     211.11     194.44      1166.67 
 531     208.33     191.67      1150.00 
 532     205.56     188.89      1133.33 
 533     202.78     186.11      1116.67 
 534     200.00     183.33      1100.00 
 535     197.22     180.56      1083.33 
 536     194.44     177.78      1066.67 
 537     191.67     175.00      1050.00 
 538     188.89     172.22      1033.33 
 539     186.11     169.44      1016.67 
 540     183.33     166.67      1000.00 
 541     180.56     163.89       983.33 
 542     177.78     161.11       966.67 
 543     175.00     158.33       950.00 
 544     172.22     155.56       933.33 
 545     169.44     152.78       916.67 
 546     166.67     150.00       900.00 
 547     163.89     147.22       883.33 
 548     161.11     144.44       866.67 
 549     158.33     141.67       850.00 
 550     155.56     138.89       833.33 
 551     152.78     136.11       816.67 
 552     150.00     133.33       800.00 
 553     147.22     130.56       783.33 
 554     144.44     127.78       766.67 
 555     141.67     125.00       750.00 
 556     138.89     122.22       733.33 
 557     136.11     119.44       716.67 
 558     133.33     116.67       700.00 
 559     130.56     113.89       683.33 
 560     127.78     111.11       666.67 
 561     125.00     108.33       650.00 
 562     122.22     105.56       633.33 
 563     119.44     102.78       616.67 
 564     116.67     100.00       600.00 
 565     113.89      97.22       583.33 
 566     111.11      94.44       566.67 
 567     108.33      91.67       550.00 
 568     105.56      88.89       533.33 
 569     102.78      86.11       516.67 
 570     100.00      83.33       500.00 
 571      97.22      80.56       483.33 
 572      94.44      77.78       466.67 
 573      91.67      75.00       450.00 
 574      88.89      72.22       433.33 
 575      86.11      69.44       416.67 
 576      83.33      66.67       400.00 
 577      80.56      63.89       383.33 
 578      77.78      61.11       366.67 
 579      75.00      58.33       350.00 
 580      72.22      55.56       333.33 
 581      69.44      52.78       316.67 
 582      66.67      50.00       300.00 
 583      63.89      47.22       283.33 
 584      61.11      44.44       266.67 
 585      58.33      41.67       250.00 
 586      55.56      38.89       233.33 
 587      52.78      36.11       216.67 
 588      50.00      33.33       200.00 
 589      47.22      30.56       183.33 
 590      44.44      27.78       166.67 
 591      41.67      25.00       150.00 
 592      38.89      22.22       133.33 
 593      36.11      19.44       116.67 
 594      33.33      16.67       100.00 
 595      30.56      13.89        83.33 
 596      27.78      11.11        66.67 
 597      25.00       8.33        50.00 
 598      22.22       5.56        33.33 
 599      19.44       2.78        16.67 
 600      16.67       0.00         0.00 
