  Nr  Moketi, € Palukanos, € Likusi suma, € 
   1    1635.88    1080.32    199444.44 
   2    1632.87    1077.31    198888.89 
   3    1629.86    1074.31    198333.33 
   4    1626.85    1071.30    197777.78 
   5    1623.84    1068.29    197222.22 
   6    1620.83    1065.28    196666.67 
   7    1617.82    1062.27    196111.11 
   8    1614.81    1059.26    195555.56 
   9    1611.81    1056.25    195000.00 
  10    1608.80    1053.24    194444.44 
  11    1605.79    1050.23    193888.89 
  12    1602.78    1047.22    193333.33 
  13    1599.77    1044.21    192777.78 
  14    1596.76    1041.20    192222.22 
  15    1593.75    1038.19    191666.67 
  16    1590.74    1035.19    191111.11 
  17    1587.73    1032.18    190555.56 
  18    1584.72    1029.17    190000.00 
  19    1581.71    1026.16    189444.44 
  20    1578.70    1023.15    188888.89 
  21    1575.69    1020.14    188333.33 
  22    1572.69    1017.13    187777.78 
  23    1569.68    1014.12    187222.22 
  24    1566.67    1011.11    186666.67 
  25    1563.66    1008.10    186111.11 
  26    1560.65    1005.09    185555.56 
  27    1557.64    1002.08    185000.00 
  28    1554.63     999.07    184444.44 
  29    1551.62     996.06    183888.89 
  30    1548.61     993.06    183333.33 
  31    1545.60     990.05    182777.78 
  32    1542.59     987.04    182222.22 
  33    1539.58     984.03    181666.67 
  34    1536.57     981.02    181111.11 
  35    1533.56     978.01    180555.56 
  36    1530.56     975.00    180000.00 
  37    1527.55     971.99    179444.44 
  38    1524.54     968.98    178888.89 
  39    1521.53     965.97    178333.33 
  40    1518.52     962.96    177777.78 
  41    1515.51     959.95    177222.22 
  42    1512.50     956.94    176666.67 
  43    1509.49     953.94    176111.11 
  44    1506.48     950.93    175555.56 
  45    1503.47     947.92    175000.00 
  46    1500.46     944.91    174444.44 
  47    1497.45     941.90    173888.89 
  48    1494.44     938.89    173333.33 
  49    1491.44     935.88    172777.78 
  50    1488.43     932.87    172222.22 
  51    1485.42     929.86    171666.67 
  52    1482.41     926.85    171111.11 
  53    1479.40     923.84    170555.56 
  54    1476.39     920.83    170000.00 
  55    1473.38     917.82    169444.44 
  56    1470.37     914.81    168888.89 
  57    1467.36     911.81    168333.33 
  58    1464.35     908.80    167777.78 
  59    1461.34     905.79    167222.22 
  60    1458.33     902.78    166666.67 
  61    1455.32     899.77    166111.11 
  62    1452.31     896.76    165555.56 
  63    1449.31     893.75    165000.00 
  64    1446.30     890.74    164444.44 
  65    1443.29     887.73    163888.89 
  66    1440.28     884.72    163333.33 
  67    1437.27     881.71    162777.78 
  68    1434.26     878.70    162222.22 
  69    1431.25     875.69    161666.67 
  70    1428.24     872.69    161111.11 
  71    1425.23     869.68    160555.56 
  72    1422.22     866.67    160000.00 
  73    1419.21     863.66    159444.44 
  74    1416.20     860.65    158888.89 
  75    1413.19     857.64    158333.33 
  76    1410.19     854.63    157777.78 
  77    1407.18     851.62    157222.22 
  78    1404.17     848.61    156666.67 
  79    1401.16     845.60    156111.11 
  80    1398.15     842.59    155555.56 
  81    1395.14     839.58    155000.00 
  82    1392.13     836.57    154444.44 
  83    1389.12     833.56    153888.89 
  84    1386.11     830.56    153333.33 
  85    1383.10     827.55    152777.78 
  86    1380.09     824.54    152222.22 
  87    1377.08     821.53    151666.67 
  88    1374.07     818.52    151111.11 
  89    1371.06     815.51    150555.56 
  90    1368.06     812.50    150000.00 
  91    1365.05     809.49    149444.44 
  92    1362.04     806.48    148888.89 
  93    1359.03     803.47    148333.33 
  94    1356.02     800.46    147777.78 
  95    1353.01     797.45    147222.22 
  96    1350.00     794.44    146666.67 
  97    1346.99     791.44    146111.11 
  98    1343.98     788.43    145555.56 
  99    1340.97     785.42    145000.00 
 100    1337.96     782.41    144444.44 
 101    1334.95     779.40    143888.89 
 102    1331.94     776.39    143333.33 
 103    1328.94     773.38    142777.78 
 104    1325.93     770.37    142222.22 
 105    1322.92     767.36    141666.67 
 106    1319.91     764.35    141111.11 
 107    1316.90     761.34    140555.56 
 108    1313.89     758.33    140000.00 
 109    1310.88     755.32    139444.44 
 110    1307.87     752.31    138888.89 
 111    1304.86     749.31    138333.33 
 112    1301.85     746.30    137777.78 
 113    1298.84     743.29    137222.22 
 114    1295.83     740.28    136666.67 
 115    1292.82     737.27    136111.11 
 116    1289.81     734.26    135555.56 
 117    1286.81     731.25    135000.00 
 118    1283.80     728.24    134444.44 
 119    1280.79     725.23    133888.89 
 120    1277.78     722.22    133333.33 
 121    1274.77     719.21    132777.78 
 122    1271.76     716.20    132222.22 
 123    1268.75     713.19    131666.67 
 124    1265.74     710.19    131111.11 
 125    1262.73     707.18    130555.56 
 126    1259.72     704.17    130000.00 
 127    1256.71     701.16    129444.44 
 128    1253.70     698.15    128888.89 
 129    1250.69     695.14    128333.33 
 130    1247.69     692.13    127777.78 
 131    1244.68     689.12    127222.22 
 132    1241.67     686.11    126666.67 
 133    1238.66     683.10    126111.11 
 134    1235.65     680.09    125555.56 
 135    1232.64     677.08    125000.00 
 136    1229.63     674.07    124444.44 
 137    1226.62     671.06    123888.89 
 138    1223.61     668.06    123333.33 
 139    1220.60     665.05    122777.78 
 140    1217.59     662.04    122222.22 
 141    1214.58     659.03    121666.67 
 142    1211.57     656.02    121111.11 
 143    1208.56     653.01    120555.56 
 144    1205.56     650.00    120000.00 
 145    1202.55     646.99    119444.44 
 146    1199.54     643.98    118888.89 
 147    1196.53     640.97    118333.33 
 148    1193.52     637.96    117777.78 
 149    1190.51     634.95    117222.22 
 150    1187.50     631.94    116666.67 
 151    1184.49     628.94    116111.11 
 152    1181.48     625.93    115555.56 
 153    1178.47     622.92    115000.00 
 154    1175.46     619.91    114444.44 
 155    1172.45     616.90    113888.89 
 156    1169.44     613.89    113333.33 
 157    1166.44     610.88    112777.78 
 158    1163.43     607.87    112222.22 
 159    1160.42     604.86    111666.67 
 160    1157.41     601.85    111111.11 
 161    1154.40     598.84    110555.56 
 162    1151.39     595.83    110000.00 
 163    1148.38     592.82    109444.44 
 164    1145.37     589.81    108888.89 
 165    1142.36     586.81    108333.33 
 166    1139.35     583.80    107777.78 
 167    1136.34     580.79    107222.22 
 168    1133.33     577.78    106666.67 
 169    1130.32     574.77    106111.11 
 170    1127.31     571.76    105555.56 
 171    1124.31     568.75    105000.00 
 172    1121.30     565.74    104444.44 
 173    1118.29     562.73    103888.89 
 174    1115.28     559.72    103333.33 
 175    1112.27     556.71    102777.78 
 176    1109.26     553.70    102222.22 
 177    1106.25     550.69    101666.67 
 178    1103.24     547.69    101111.11 
 179    1100.23     544.68    100555.56 
 180    1097.22     541.67    100000.00 
 181    1094.21     538.66     99444.44 
 182    1091.20     535.65     98888.89 
 183    1088.19     532.64     98333.33 
 184    1085.19     529.63     97777.78 
 185    1082.18     526.62     97222.22 
 186    1079.17     523.61     96666.67 
 187    1076.16     520.60     96111.11 
 188    1073.15     517.59     95555.56 
 189    1070.14     514.58     95000.00 
 190    1067.13     511.57     94444.44 
 191    1064.12     508.56     93888.89 
 192    1061.11     505.56     93333.33 
 193    1058.10     502.55     92777.78 
 194    1055.09     499.54     92222.22 
 195    1052.08     496.53     91666.67 
 196    1049.07     493.52     91111.11 
 197    1046.06     490.51     90555.56 
 198    1043.06     487.50     90000.00 
 199    1040.05     484.49     89444.44 
 200    1037.04     481.48     88888.89 
 201    1034.03     478.47     88333.33 
 202    1031.02     475.46     87777.78 
 203    1028.01     472.45     87222.22 
 204    1025.00     469.44     86666.67 
 205    1021.99     466.44     86111.11 
 206    1018.98     463.43     85555.56 
 207    1015.97     460.42     85000.00 
 208    1012.96     457.41     84444.44 
 209    1009.95     454.40     83888.89 
 210    1006.94     451.39     83333.33 
 211    1003.94     448.38     82777.78 
 212    1000.93     445.37     82222.22 
 213     997.92     442.36     81666.67 
 214     994.91     439.35     81111.11 
 215     991.90     436.34     80555.56 
 216     988.89     433.33     80000.00 
 217     985.88     430.32     79444.44 
 218     982.87     427.31     78888.89 
 219     979.86     424.31     78333.33 
 220     976.85     421.30     77777.78 
 221     973.84     418.29     77222.22 
 222     970.83     415.28     76666.67 
 223     967.82     412.27     76111.11 
 224     964.81     409.26     75555.56 
 225     961.81     406.25     75000.00 
 226     958.80     403.24     74444.44 
 227     955.79     400.23     73888.89 
 228     952.78     397.22     73333.33 
 229     949.77     394.21     72777.78 
 230     946.76     391.20     72222.22 
 231     943.75     388.19     71666.67 
 232     940.74     385.19     71111.11 
 233     937.73     382.18     70555.56 
 234     934.72     379.17     70000.00 
 235     931.71     376.16     69444.44 
 236     928.70     373.15     68888.89 
 237     925.69     370.14     68333.33 
 238     922.69     367.13     67777.78 
 239     919.68     364.12     67222.22 
 240     916.67     361.11     66666.67 
 241     913.66     358.10     66111.11 
 242     910.65     355.09     65555.56 
 243     907.64     352.08     65000.00 
 244     904.63     349.07     64444.44 
 245     901.62     346.06     63888.89 
 246     898.61     343.06     63333.33 
 247     895.60     340.05     62777.78 
 248     892.59     337.04     62222.22 
 249     889.58     334.03     61666.67 
 250     886.57     331.02     61111.11 
 251     883.56     328.01     60555.56 
 252     880.56     325.00     60000.00 
 253     877.55     321.99     59444.44 
 254     874.54     318.98     58888.89 
 255     871.53     315.97     58333.33 
 256     868.52     312.96     57777.78 
 257     865.51     309.95     57222.22 
 258     862.50     306.94     56666.67 
 259     859.49     303.94     56111.11 
 260     856.48     300.93     55555.56 
 261     853.47     297.92     55000.00 
 262     850.46     294.91     54444.44 
 263     847.45     291.90     53888.89 
 264     844.44     288.89     53333.33 
 265     841.44     285.88     52777.78 
 266     838.43     282.87     52222.22 
 267     835.42     279.86     51666.67 
 268     832.41     276.85     51111.11 
 269     829.40     273.84     50555.56 
 270     826.39     270.83     50000.00 
 271     823.38     267.82     49444.44 
 272     820.37     264.81     48888.89 
 273     817.36     261.81     48333.33 
 274     814.35     258.80     47777.78 
 275     811.34     255.79     47222.22 
 276     808.33     252.78     46666.67 
 277     805.32     249.77     46111.11 
 278     802.31     246.76     45555.56 
 279     799.31     243.75     45000.00 
 280     796.30     240.74     44444.44 
 281     793.29     237.73     43888.89 
 282     790.28     234.72     43333.33 
 283     787.27     231.71     42777.78 
 284     784.26     228.70     42222.22 
 285     781.25     225.69     41666.67 
 286     778.24     222.69     41111.11 
 287     775.23     219.68     40555.56 
 288     772.22     216.67     40000.00 
 289     769.21     213.66     39444.44 
 290     766.20     210.65     38888.89 
 291     763.19     207.64     38333.33 
 292     760.19     204.63     37777.78 
 293     757.18     201.62     37222.22 
 294     754.17     198.61     36666.67 
 295     751.16     195.60     36111.11 
 296     748.15     192.59     35555.56 
 297     745.14     189.58     35000.00 
 298     742.13     186.57     34444.44 
 299     739.12     183.56     33888.89 
 300     736.11     180.56     33333.33 
 301     733.10     177.55     32777.78 
 302     730.09     174.54     32222.22 
 303     727.08     171.53     31666.67 
 304     724.07     168.52     31111.11 
 305     721.06     165.51     30555.56 
 306     718.06     162.50     30000.00 
 307     715.05     159.49     29444.44 
 308     712.04     156.48     28888.89 
 309     709.03     153.47     28333.33 
 310     706.02     150.46     27777.78 
 311     703.01     147.45     27222.22 
 312     700.00     144.44     26666.67 
 313     696.99     141.44     26111.11 
 314     693.98     138.43     25555.56 
 315     690.97     135.42     25000.00 
 316     687.96     132.41     24444.44 
 317     684.95     129.40     23888.89 
 318     681.94     126.39     23333.33 
 319     678.94     123.38     22777.78 
 320     675.93     120.37     22222.22 
 321     672.92     117.36     21666.67 
 322     669.91     114.35     21111.11 
 323     666.90     111.34     20555.56 
 324     663.89     108.33     20000.00 
 325     660.88     105.32     19444.44 
 326     657.87     102.31     18888.89 
 327     654.86      99.31     18333.33 
 328     651.85      96.30     17777.78 
 329     648.84      93.29     17222.22 
 330     645.83      90.28     16666.67 
 331     642.82      87.27     16111.11 
 332     639.81      84.26     15555.56 
 333     636.81      81.25     15000.00 
 334     633.80      78.24     14444.44 
 335     630.79      75.23     13888.89 
 336     627.78      72.22     13333.33 
 337     624.77      69.21     12777.78 
 338     621.76      66.20     12222.22 
 339     618.75      63.19     11666.67 
 340     615.74      60.19     11111.11 
 341     612.73      57.18     10555.56 
 342     609.72      54.17     10000.00 
 343     606.71      51.16      9444.44 
 344     603.70      48.15      8888.89 
 345     600.69      45.14      8333.33 
 346     597.69      42.13      7777.78 
 347     594.68      39.12      7222.22 
 348     591.67      36.11      6666.67 
 349     588.66      33.10      6111.11 
 350     585.65      30.09      5555.56 
 351     582.64      27.08      5000.00 
 352     579.63      24.07      4444.44 
 353     576.62      21.06      3888.89 
 354     573.61      18.06      3333.33 
 355     570.60      15.05      2777.78 
 356     567.59      12.04      2222.22 
 357     564.58       9.03      1666.67 
 358     561.57       6.02      1111.11 
 359     558.56       3.01       555.56 
 360     555.56      -0.00        -0.00 
